57,1
57,3
0,273
0,270
25,1
25,3
14,5
3,2
3,1
3,3
10,132
10,226
10,288
10,234
10,34
10,306
10,8
10,1
10,170
10,2
10,3
11,26
11,11
11,12
11,14
11,25
11,22
11,13
11,1
11,19
11,2
11,3
9,7
9,4
9,1
9,6
9,2
9,3
8,17
8,18
8,13
8,12
8,1
8,14
8,2
8,3
12,2
12,1
12,3
20,2
20,1
20,3
19,2
19,1
19,3
18,1
18,3
14,3
13,1
13,3
2,2
2,1
2,3
93,5
93,4
93,3
93,2
93,1
93,0
90,4
90,3
90,2
90,1
90,0
89,5
89,4
89,3
89,2
89,1
89,0
87,5
87,4
87,3
87,2
87,1
87,0
85,5
85,4
85,3
85,2
85,1
85,0
82,3
82,2
82,1
82,0
80,4
80,3
80,2
80,1
80,0
79,4
79,3
79,2
79,1
79,0
78,4
78,3
78,2
78,1
78,0
76,6
76,5
76,4
76,3
76,2
76,1
76,0
69,4
69,3
69,2
69,1
